#system parameters
N = 10000
L = 100.

# particles
T = 1.
gamma = 1.
gamma_theta = 1.
phi1 = 0.
phi2 = 1.57

l = 1.

seed = 213436111

#swim force parameters
v0 = 20.
VType = sine2
w = 0.06283185307179586
#w = 6.283185307179586


#integration parameter
Nt_init = 1000
Nt = 1000
sample_freq = 10
print_freq = 10
t_unit = 100
dt = 0.01
bs = 2.
